x: Stack+malloc area changed from 131072 to 8000 bytes.
-[ std ]----------------------------------------
[5]	68	6	21	89	128563	
[5]	68	6	12	89	128563	
[5]	68	6	3	89	128563	
[5]	68	6	3	80	128563	
[5]	68	6	3	71	128563	
[5]	68	6	3	62	128563	
[5]	68	6	3	53	128563	
[5]	68	6	3	44	128563	
[5]	68	6	3	35	128563	
[5]	68	6	3	26	128563	
[5]	68	15	3	26	128563	
[6]	68	15	9	3	26	128563	
[5]	68	15	21	26	128563	
[6]	68	15	21	9	26	128563	
[6]	68	15	21	18	26	128563	
[6]	68	15	21	27	26	128563	
[6]	68	15	21	36	26	128563	
[6]	68	15	21	45	26	128563	
[6]	68	15	21	54	26	128563	
[5]	68	17	21	89	128563	
-[ worst ]--------------------------------------
[7]	68	17	21	89	62	62	128428	
[8]	68	17	21	89	62	62	62	128357	
[9]	68	17	21	89	62	62	62	62	128286	
[10]	68	17	21	89	62	62	62	62	62	128215	
[11]	68	17	21	89	62	62	62	62	62	62	128144	
[12]	68	17	21	89	62	62	62	62	62	62	62	128073	
[13]	68	17	21	89	62	62	62	62	62	62	62	62	128002	
[14]	68	17	21	89	62	62	62	62	62	62	62	62	62	127931	
[15]	68	17	21	89	62	62	62	62	62	62	62	62	62	62	127860	
[16]	68	17	21	89	62	62	62	62	62	62	62	62	62	62	62	127789	
[16]	68	17	21	89	62	71	62	62	62	62	62	62	62	62	62	127789	
[15]	68	17	21	89	62	142	62	62	62	62	62	62	62	62	127789	
[14]	68	17	21	89	62	213	62	62	62	62	62	62	62	127789	
[13]	68	17	21	89	62	284	62	62	62	62	62	62	127789	
[12]	68	17	21	89	62	355	62	62	62	62	62	127789	
[11]	68	17	21	89	62	426	62	62	62	62	127789	
[10]	68	17	21	89	62	497	62	62	62	127789	
[9]	68	17	21	89	62	568	62	62	127789	
[8]	68	17	21	89	62	639	62	127789	
[6]	68	17	21	89	62	128501	
-[ std ]----------------------------------------
